n =  1
0.670366681722
0.667562792287
0.662888465301
0.497357224398
0.500978911704
0.500672202644
0.665137064114
0.505480770158
0.329006217233
0.497998656135

n =  10
0.66967054881
0.164662320481
0.671105401354
0.877030721359
0.503861709409
0.604344269281
0.728061403808
0.329525717347
0.54754096522
0.665999099303

n =  50
0.63582815831
0.230889237648
0.777722991799
0.963063751949
0.331054439433
0.683678886604
0.8406448165
0.196248322096
0.664273575982
0.597796297952

n =  100
0.617767038827
0.207152397495
0.858768462926
0.882787738569
0.300000437378
0.527780734168
0.882931426148
0.283858291764
0.684188608286
0.431783969078

n =  500
0.658987061681
0.119242790697
0.925948407975
0.938731725377
0.291731950029
0.486972327996
0.894447579273
0.392907118558
0.677463944792
0.42716157595